Run semi-empirical minimization
 &qmmm
    qm_theory='AM1', grms_tol=0.0005,
  scfconv=1.d-10,   qmcharge=0,
 /
   6     C        2.6450       -4.1530       16.3150 
   6    C1        3.4610       -5.4530       16.5930 
   6    C2        2.6850       -6.6860       16.1660 
   6    C3        2.2720       -6.5480       14.7110 
   6    C4        1.4340       -5.2770       14.5060 
   6    C5        2.2930       -4.0120       14.8260 
   7     N        4.7380       -2.8460       16.0410 
   6    C6        5.5780       -4.0310       16.3220 
   6    C7        4.8280       -5.3230       15.8890 
   6    C8        3.4830       -2.9590       16.8210 
   6    C9        6.8480       -3.9550       15.5210 
   7    N1        7.8860       -4.4650       16.2330 
   6   C10        9.2890       -4.5340       15.7600 
   6   C11        9.8340       -3.1580       15.4200 
   6   C12        9.3340       -5.4090       14.4700 
   6   C13       10.1210       -5.1180       16.9370 
   8     O        6.8300       -3.5380       14.3450 
   6   C14        5.3380       -1.5960       16.5180 
   6   C15        4.8200       -0.4460       15.6410 
   6   C16        5.5120       -0.3020       14.2830 
   8    O1        5.0320        0.7290       16.4330 
   7    N2        4.7580        0.7430       13.6060 
   6   C17        6.9320        0.1830       14.3100 
   6   C18        3.8790        0.3930       12.6450 
   8    O2        3.7100       -0.7870       12.3060 
   6   C19        3.1980        1.4880       11.9920 
   6   C20        3.9390        2.5960       11.5220 
   6   C21        3.3240        3.6870       10.9180 
   6   C22        1.9510        3.6590       10.7530 
   6   C23        1.2060        2.5700       11.2290 
   6   C24        1.8060        1.4600       11.8290 
   8    O3       -0.1640        2.6190       11.2010 
   6   C25        0.9350        0.3430       12.3340 
  16     S        7.7470       -0.2420       12.7580 
   6   C26        7.7040        1.2030       11.8200 
   6   C27        7.9680        1.0620       10.4640 
   6   C28        7.9720        2.2040        9.6860 
   6   C29        7.7140        3.4510       10.2640 
   6   C30        7.4430        3.5800       11.6300 
   6   C31        7.4360        2.4280       12.4120 
   1     H        1.6700       -4.1890       16.8540 
   1    H1        3.6380       -5.5790       17.6860 
   1    H2        3.2520       -7.6260       16.3550 
   1    H3        1.8140       -6.8870       16.8330 
   1    H4        3.1510       -6.5790       14.0260 
   1    H5        1.7420       -7.4570       14.3430 
   1    H6        0.9870       -5.2310       13.4850 
   1    H7        0.4880       -5.3000       15.0960 
   1    H8        1.7980       -3.0470       14.5640 
   1    H9        3.1770       -3.8810       14.1590 
   1   H10        5.8010       -4.0530       17.4140 
   1   H11        5.4550       -6.2300       16.0490 
   1   H12        4.7210       -5.3780       14.7800 
   1   H13        2.9000       -2.0080       16.8120 
   1   H14        3.6780       -3.0220       17.9160 
   1   H15        7.7200       -4.9330       17.0750 
   1   H16       10.8890       -3.2090       15.0640 
   1   H17        9.1810       -2.6320       14.6840 
   1   H18        9.7280       -2.4540       16.2780 
   1   H19       10.3890       -5.4600       14.1140 
   1   H20        8.8830       -6.4170       14.6210 
   1   H21        8.6340       -5.0450       13.6810 
   1   H22       11.1760       -5.1690       16.5810 
   1   H23       10.0020       -4.5470       17.8870 
   1   H24        9.7320       -6.0930       17.3110 
   1   H25        5.1580       -1.4210       17.6040 
   1   H26        6.4510       -1.6400       16.5530 
   1   H27        3.7540       -0.6340       15.3720 
   1   H28        5.5370       -1.3120       13.8130 
   1   H29        5.9740        0.7720       16.5370 
   1   H30        4.8790        1.6810       13.8670 
   1   H31        6.9990        1.2720       14.5350 
   1   H32        7.4900       -0.1990       15.1960 
   1   H33        5.0360        2.6090       11.6300 
   1   H34        3.9120        4.5550       10.5770 
   1   H35        1.4520        4.5010       10.2440 
   1   H36       -0.4380        3.3740       10.6940 
   1   H37       -0.1720        0.3200       12.2040 
   1   H38        1.3360       -0.6070       11.9100 
   1   H39        1.1420        0.2280       13.4230 
   1   H40        8.1680        0.0730       10.0180 
   1   H41        8.1800        2.1200        8.6060 
   1   H42        7.7240        4.3520        9.6280 
   1   H43        7.2390        4.5660       12.0790 
   1   H44        7.2190        2.4850       13.4920 

