Run semi-empirical minimization
 &qmmm
    qm_theory='AM1', grms_tol=0.0005,
 scfconv=1.d-10, ndiis_attempts=700,   qmcharge=1,
 /
   7    N1        0.4040       -0.4930        4.3510 
   6    C1        1.4660       -1.2860        4.1950 
   7    N2        2.0890       -0.9560        3.0510 
   7    N3        1.4230        0.0180        2.5080 
   6    C2        0.3710        0.3220        3.2930 
   6    C3        1.7520        0.6270        1.2560 
   6    C4        1.0360       -0.1060        0.0940 
   6    C5        1.3390        0.5210       -1.2900 
   6    C6        0.6240       -0.2110       -2.4480 
   1    H1       -0.2270       -0.5080        5.0890 
   1    H2        1.7560       -2.0260        4.8350 
   1    H3       -0.3350        1.0420        3.1180 
   1    H4        2.8350        0.5860        1.1040 
   1    H5        1.4610        1.6820        1.2650 
   1    H6        1.3540       -1.1530        0.0910 
   1    H7       -0.0420       -0.0770        0.2710 
   1    H8        2.4160        0.4930       -1.4740 
   1    H9        1.0180        1.5670       -1.2900 
   1   H10        0.8700        0.2700       -3.3980 
   1   H11       -0.4590       -0.1750       -2.3110 
   1   H12        0.9430       -1.2540       -2.4940 

