Run semi-empirical minimization
 &qmmm
    qm_theory='AM1', grms_tol=0.0005,
 scfconv=1.d-10, ndiis_attempts=700,   qmcharge=1,
 /
   7    N1       -4.4380        4.3000       -8.0750 
   6    C1       -3.9310        4.9060       -7.0010 
   7    N2       -2.7150        4.3740       -6.7680 
   7    N3       -2.4640        3.4740       -7.6680 
   6    C2       -3.5240        3.4150       -8.4870 
   6    C3       -1.8450        4.6950       -5.6820 
   6    C4       -2.1860        3.8120       -4.4550 
   6    C5       -1.2890        4.1220       -3.2290 
   6    C6       -1.6300        3.2330       -2.0040 
   6    C7       -0.7250        3.5580       -0.7840 
   6    C8       -1.0420        2.6840        0.4580 
   6    C9       -0.1340        3.0120        1.6740 
   6   C10       -0.4610        2.1300        2.9090 
   6   C11        0.4370        2.4440        4.1330 
   6   C12        0.1050        1.5620        5.3570 
   1    H1       -4.3930        5.6360       -6.4520 
   1    H2       -3.6160        2.7900       -9.2880 
   1    H3       -0.8080        4.5190       -5.9850 
   1    H4       -1.9400        5.7540       -5.4250 
   1    H5       -2.0600        2.7620       -4.7350 
   1    H6       -3.2330        3.9690       -4.1810 
   1    H7       -1.4140        5.1730       -2.9550 
   1    H8       -0.2420        3.9650       -3.5050 
   1    H9       -2.6770        3.3890       -1.7270 
   1   H10       -1.5050        2.1810       -2.2760 
   1   H11        0.3200        3.4050       -1.0700 
   1   H12       -0.8550        4.6120       -0.5210 
   1   H13       -2.0870        2.8380        0.7420 
   1   H14       -0.9140        1.6310        0.1920 
   1   H15        0.9120        2.8590        1.3910 
   1   H16       -0.2610        4.0650        1.9420 
   1   H17       -1.5070        2.2840        3.1900 
   1   H18       -0.3340        1.0770        2.6390 
   1   H19        0.3130        3.4930        4.4160 
   1   H20        1.4860        2.2870        3.8650 
   1   H21        0.7650        1.8260        6.1860 
   1   H22       -0.9280        1.7180        5.6730 
   1   H23        0.2490        0.5070        5.1200 
   1   H24       -5.3050        4.4650       -8.4770 

