 PRO           1   0.00000000       0.00000000    
 GLN           2   0.00000000       0.00000000    
 ILE           3   0.00000000       0.00000000    
 THR           4   0.00000000       0.00000000    
 LEU           5   0.00000000       0.00000000    
 TRP           6   0.00000000       0.00000000    
 GLN           7   0.00000000       0.00000000    
 ARG           8   2.54728031       2.59901524    
 PRO           9   0.00000000       0.00000000    
 LEU          10   0.00000000       0.00000000    
 VAL          11   0.00000000       0.00000000    
 THR          12   0.00000000       0.00000000    
 ILE          13   0.00000000       0.00000000    
 LYS          14   0.00000000       0.00000000    
 ILE          15   0.00000000       0.00000000    
 GLY          16   0.00000000       0.00000000    
 GLY          17   0.00000000       0.00000000    
 GLN          18   0.00000000       0.00000000    
 LEU          19   0.00000000       0.00000000    
 LYS          20   0.00000000       0.00000000    
 GLU          21   0.00000000       0.00000000    
 ALA          22   0.00000000       0.00000000    
 LEU          23   7.25819540       2.32477784    
 LEU          24   0.00000000       0.00000000    
 ASP          25   10.5259733       2.31287742    
 THR          26  0.326188207      0.773328304    
 GLY          27   19.1896439       4.15407705    
 ALA          28   18.0337868       3.50404930    
 ASP          29   13.9891310       3.77596426    
 ASP          30   9.67539883       2.29889226    
 THR          31   0.00000000       0.00000000    
 VAL          32   6.58252811       2.25081682    
 LEU          33   0.00000000       0.00000000    
 GLU          34   0.00000000       0.00000000    
 GLU          35   0.00000000       0.00000000    
 MET          36   0.00000000       0.00000000    
 SER          37   0.00000000       0.00000000    
 LEU          38   0.00000000       0.00000000    
 PRO          39   0.00000000       0.00000000    
 GLY          40   0.00000000       0.00000000    
 ARG          41   0.00000000       0.00000000    
 TRP          42   0.00000000       0.00000000    
 LYS          43   0.00000000       0.00000000    
 PRO          44   0.00000000       0.00000000    
 LYS          45   0.00000000       0.00000000    
 MET          46   0.00000000       0.00000000    
 ILE          47   6.10208082       3.07770967    
 GLY          48   7.29045343       2.81469536    
 GLY          49   11.3678885       3.55019236    
 ILE          50   26.7433262       6.19878149    
 GLY          51   0.00000000       0.00000000    
 GLY          52   0.00000000       0.00000000    
 PHE          53   0.00000000       0.00000000    
 ILE          54   0.00000000       0.00000000    
 LYS          55   0.00000000       0.00000000    
 VAL          56   0.00000000       0.00000000    
 ARG          57   0.00000000       0.00000000    
 GLN          58   0.00000000       0.00000000    
 TYR          59   0.00000000       0.00000000    
 ASP          60   0.00000000       0.00000000    
 GLN          61   0.00000000       0.00000000    
 ILE          62   0.00000000       0.00000000    
 LEU          63   0.00000000       0.00000000    
 ILE          64   0.00000000       0.00000000    
 GLU          65   0.00000000       0.00000000    
 ILE          66   0.00000000       0.00000000    
 CYS          67   0.00000000       0.00000000    
 GLY          68   0.00000000       0.00000000    
 HIS          69   0.00000000       0.00000000    
 LYS          70   0.00000000       0.00000000    
 ALA          71   0.00000000       0.00000000    
 ILE          72   0.00000000       0.00000000    
 GLY          73   0.00000000       0.00000000    
 THR          74   0.00000000       0.00000000    
 VAL          75   0.00000000       0.00000000    
 LEU          76  0.838405788      0.997698069    
 VAL          77   0.00000000       0.00000000    
 GLY          78   0.00000000       0.00000000    
 PRO          79   0.00000000       0.00000000    
 THR          80   0.00000000       0.00000000    
 PRO          81   7.26212072       1.31544030    
 VAL          82   8.63278103       1.61300147    
 ASN          83   0.00000000       0.00000000    
 ILE          84   12.8899031       2.85697246    
 ILE          85   0.00000000       0.00000000    
 GLY          86   0.00000000       0.00000000    
 ARG          87  0.674828231       1.11935627    
 ASN          88   0.00000000       0.00000000    
 LEU          89   0.00000000       0.00000000    
 LEU          90   0.00000000       0.00000000    
 THR          91   0.00000000       0.00000000    
 GLN          92   0.00000000       0.00000000    
 ILE          93   0.00000000       0.00000000    
 GLY          94   0.00000000       0.00000000    
 CYS          95   0.00000000       0.00000000    
 THR          96   0.00000000       0.00000000    
 LEU          97   0.00000000       0.00000000    
 ASN          98   0.00000000       0.00000000    
 PHE          99   0.00000000       0.00000000    
 PRO         100   0.00000000       0.00000000    
 GLN         101   0.00000000       0.00000000    
 ILE         102   0.00000000       0.00000000    
 THR         103   0.00000000       0.00000000    
 LEU         104   0.00000000       0.00000000    
 TRP         105   0.00000000       0.00000000    
 GLN         106   0.00000000       0.00000000    
 ARG         107   11.3432035       6.82431173    
 PRO         108   0.00000000       0.00000000    
 LEU         109   1.09666598       1.41189146    
 VAL         110   0.00000000       0.00000000    
 THR         111   0.00000000       0.00000000    
 ILE         112   0.00000000       0.00000000    
 LYS         113   0.00000000       0.00000000    
 ILE         114   0.00000000       0.00000000    
 GLY         115   0.00000000       0.00000000    
 GLY         116   0.00000000       0.00000000    
 GLN         117   0.00000000       0.00000000    
 LEU         118   0.00000000       0.00000000    
 LYS         119   0.00000000       0.00000000    
 GLU         120   0.00000000       0.00000000    
 ALA         121   0.00000000       0.00000000    
 LEU         122   17.5384445       5.07191706    
 LEU         123   0.00000000       0.00000000    
 ASP         124   8.83172131       2.60543799    
 THR         125   0.00000000       0.00000000    
 GLY         126   9.17704964       1.63459551    
 ALA         127   17.7299480       2.31204486    
 ASP         128   5.96768379       1.96684146    
 ASP         129   10.3891973       2.63191152    
 THR         130   0.00000000       0.00000000    
 VAL         131   11.3514395       3.25453973    
 LEU         132   0.00000000       0.00000000    
 GLU         133   0.00000000       0.00000000    
 GLU         134   0.00000000       0.00000000    
 MET         135   0.00000000       0.00000000    
 SER         136   0.00000000       0.00000000    
 LEU         137   0.00000000       0.00000000    
 PRO         138   0.00000000       0.00000000    
 GLY         139   0.00000000       0.00000000    
 ARG         140   0.00000000       0.00000000    
 TRP         141   0.00000000       0.00000000    
 LYS         142   0.00000000       0.00000000    
 PRO         143   0.00000000       0.00000000    
 LYS         144   0.00000000       0.00000000    
 MET         145   0.00000000       0.00000000    
 ILE         146   9.28922653       3.19430137    
 GLY         147   8.45010185       1.54488254    
 GLY         148   12.0250616       2.37569213    
 ILE         149   26.4470634       3.31418276    
 GLY         150   0.00000000       0.00000000    
 GLY         151   0.00000000       0.00000000    
 PHE         152   0.00000000       0.00000000    
 ILE         153  0.186624840      0.628441989    
 LYS         154   0.00000000       0.00000000    
 VAL         155   0.00000000       0.00000000    
 ARG         156   0.00000000       0.00000000    
 GLN         157   0.00000000       0.00000000    
 TYR         158   0.00000000       0.00000000    
 ASP         159   0.00000000       0.00000000    
 GLN         160   0.00000000       0.00000000    
 ILE         161   0.00000000       0.00000000    
 LEU         162   0.00000000       0.00000000    
 ILE         163   0.00000000       0.00000000    
 GLU         164   0.00000000       0.00000000    
 ILE         165   0.00000000       0.00000000    
 CYS         166   0.00000000       0.00000000    
 GLY         167   0.00000000       0.00000000    
 HIS         168   0.00000000       0.00000000    
 LYS         169   0.00000000       0.00000000    
 ALA         170   0.00000000       0.00000000    
 ILE         171   0.00000000       0.00000000    
 GLY         172   0.00000000       0.00000000    
 THR         173   0.00000000       0.00000000    
 VAL         174   0.00000000       0.00000000    
 LEU         175   6.09172024E-02  0.227993488    
 VAL         176   0.00000000       0.00000000    
 GLY         177   0.00000000       0.00000000    
 PRO         178   0.00000000       0.00000000    
 THR         179   2.53934932       2.66780972    
 PRO         180   4.52953100       4.04815674    
 VAL         181   17.4702091       4.27349901    
 ASN         182   0.00000000       0.00000000    
 ILE         183   29.4651871       5.78321028    
 ILE         184   0.00000000       0.00000000    
 GLY         185   0.00000000       0.00000000    
 ARG         186   0.00000000       0.00000000    
 ASN         187   0.00000000       0.00000000    
 LEU         188   0.00000000       0.00000000    
 LEU         189   0.00000000       0.00000000    
 THR         190   0.00000000       0.00000000    
 GLN         191   0.00000000       0.00000000    
 ILE         192   0.00000000       0.00000000    
 GLY         193   0.00000000       0.00000000    
 CYS         194   0.00000000       0.00000000    
 THR         195   0.00000000       0.00000000    
 LEU         196   0.00000000       0.00000000    
 ASN         197   0.00000000       0.00000000    
 PHE         198   0.00000000       0.00000000    
 LIG         199   357.140137       13.3737230    
